
Profile Array: (Size: 11*11)

Without /(Step*big_tau)
===============================================
0 12.7489 5.86863 12.279 10.4096 14.7202 16.5125 6.50696 9.17252 5.32663 2.71295 11.5196 0 
0 12.7445 14.7826 11.845 12.4417 18.0661 10.4492 15.3135 12.675 9.82217 6.19536 18.0226 0 
0 19.7589 11.0821 2.98448 10.9877 13.8622 15.1373 6.01552 19.5842 8.19856 9.60425 14.3256 0 
0 17.8192 5.04575 11.1616 18.4054 11.2117 22.4722 19.3915 12.0559 14.0605 23.9161 17.7578 0 
0 8.64895 7.34063 14.4189 17.7761 6.89124 16.0731 20.748 17.7621 15.7793 12.3875 31.4524 0 
0 12.4906 11.434 19.2602 17.1812 18.9419 8.86664 15.3337 16.7359 11.0097 15.912 19.2378 0 
0 22.4408 16.1865 3.4536 16.6358 8.52994 13.759 10.7939 21.3624 23.0647 10.605 23.9004 0 
0 8.18793 14.1721 14.3598 11.6627 10.924 19.0174 12.4763 13.4985 19.7562 10.4607 22.4954 0 
0 10.0145 17.2688 7.4688 9.66544 21.9273 7.42045 11.2285 20.132 6.01749 10.0269 7.10406 0 
0 25.0098 25.4067 16.1856 8.54945 25.9468 20.8257 31.0471 14.5184 19.2757 15.5486 16.3352 0 
0 10.5989 13.4819 15.2003 8.21072 15.3488 11.3266 12.0978 19.3655 20.9652 22.895 12.6353 0 

With /(Step*big_tau)
===============================================
0 1.27489 0.586863 1.2279 1.04096 1.47202 1.65125 0.650696 0.917252 0.532663 0.271295 1.15196 0 
0 1.27445 1.47826 1.1845 1.24417 1.80661 1.04492 1.53135 1.2675 0.982217 0.619536 1.80226 0 
0 1.97589 1.10821 0.298448 1.09877 1.38622 1.51373 0.601552 1.95842 0.819856 0.960425 1.43256 0 
0 1.78192 0.504575 1.11616 1.84054 1.12117 2.24722 1.93915 1.20559 1.40605 2.39161 1.77578 0 
0 0.864895 0.734063 1.44189 1.77761 0.689124 1.60731 2.0748 1.77621 1.57793 1.23875 3.14524 0 
0 1.24906 1.1434 1.92602 1.71812 1.89419 0.886664 1.53337 1.67359 1.10097 1.5912 1.92378 0 
0 2.24408 1.61865 0.34536 1.66358 0.852994 1.3759 1.07939 2.13624 2.30647 1.0605 2.39004 0 
0 0.818793 1.41721 1.43598 1.16627 1.0924 1.90174 1.24763 1.34985 1.97562 1.04607 2.24954 0 
0 1.00145 1.72688 0.74688 0.966544 2.19273 0.742045 1.12285 2.0132 0.601749 1.00269 0.710406 0 
0 2.50098 2.54067 1.61856 0.854945 2.59468 2.08257 3.10471 1.45184 1.92757 1.55486 1.63352 0 
0 1.05989 1.34819 1.52003 0.821072 1.53488 1.13266 1.20978 1.93655 2.09652 2.2895 1.26353 0 
