
Profile Array: (Size: 11*11)

Without /(Step*big_tau)
===============================================
0 56.6554 34.596 27.4277 33.563 23.7698 41.3054 34.3416 57.7463 41.0657 39.6814 29.0161 0 
0 51.7476 32.3521 37.6844 49.5176 48.7799 30.896 25.9507 55.593 44.5816 53.3023 46.0375 0 
0 27.6931 39.4909 45.2744 34.4344 46.4979 34.128 31.5804 50.9842 39.4766 39.0414 43.6676 0 
0 38.2178 49.711 42.0384 35.3739 31.4561 35.8615 58.2539 53.0452 61.7262 36.2611 88.5097 0 
0 32.0735 44.0868 24.1826 30.7944 41.1461 22.8104 42.4757 56.8544 54.6819 48.5995 62.2843 0 
0 44.6664 47.947 44.7648 29.3751 34.1332 28.9132 28.4783 38.1397 30.2877 45.9057 63.1954 0 
0 47.1356 49.2198 40.0454 35.4093 49.1479 56.4041 51.03 38.2782 47.7006 56.2087 57.4211 0 
0 44.5523 48.6202 34.7441 39.4654 58.5727 46.6554 53.6249 38.6065 54.7333 40.5519 50.6561 0 
0 41.2083 53.5708 45.1942 36.8096 41.4211 36.4826 32.2426 29.6348 38.858 39.5467 54.5817 0 
0 36.1497 33.1299 30.6536 51.8196 36.5716 36.6683 36.2332 39.1036 56.9174 52.7142 47.4769 0 
0 35.0932 32.4588 13.6921 16.6722 26.4807 22.4989 30.1914 32.8637 42.7636 26.7837 62.6224 0 

With /(Step*big_tau)
===============================================
0 5.66554 3.4596 2.74277 3.3563 2.37698 4.13054 3.43416 5.77463 4.10657 3.96814 2.90161 0 
0 5.17476 3.23521 3.76844 4.95176 4.87799 3.0896 2.59507 5.5593 4.45816 5.33023 4.60375 0 
0 2.76931 3.94909 4.52744 3.44344 4.64979 3.4128 3.15804 5.09842 3.94766 3.90414 4.36676 0 
0 3.82178 4.9711 4.20384 3.53739 3.14561 3.58615 5.82539 5.30452 6.17262 3.62611 8.85097 0 
0 3.20735 4.40868 2.41826 3.07944 4.11461 2.28104 4.24757 5.68544 5.46819 4.85995 6.22843 0 
0 4.46664 4.7947 4.47648 2.93751 3.41332 2.89132 2.84783 3.81397 3.02877 4.59057 6.31954 0 
0 4.71356 4.92198 4.00454 3.54093 4.91479 5.64041 5.103 3.82782 4.77006 5.62087 5.74211 0 
0 4.45523 4.86202 3.47441 3.94654 5.85727 4.66554 5.36249 3.86065 5.47333 4.05519 5.06561 0 
0 4.12083 5.35708 4.51942 3.68096 4.14211 3.64826 3.22426 2.96348 3.8858 3.95467 5.45817 0 
0 3.61497 3.31299 3.06536 5.18196 3.65716 3.66683 3.62332 3.91036 5.69174 5.27142 4.74769 0 
0 3.50932 3.24588 1.36921 1.66722 2.64807 2.24989 3.01914 3.28637 4.27636 2.67837 6.26224 0 
