Previous Time: 9.96639
Coordinate: 0,0
Records: 
0.255641 1.26538 0.137412 0.179749 0.80478 0.148949 0.324539 0.205404 0.396859 0.354829 0.524102 0.39426 0.196979 0.735055 
===============================================
Previous Time: 8.30162
Coordinate: 0,1
Records: 
0.132523 0.0808256 0.306083 0.0260508 0.0175985 0.162987 0.186429 1.02755 4.62464 0.606235 0.233021 0.221757 1.05695 0.061544 
===============================================
Previous Time: 8.96875
Coordinate: 0,2
Records: 
1.0468 1.58688 0.242837 0.0976765 0.666637 0.0409047 0.0928006 1.67685 0.61151 4.67277 0.510455 0.278399 0.119064 0.294682 
===============================================
Previous Time: 8.96875
Coordinate: 0,3
Records: 
2.47551 0.30567 1.56244 0.269386 7.75016 1.34145 0.556721 1.85274 0.751402 0.425688 
===============================================
Previous Time: 6.75653
Coordinate: 1,0
Records: 
0.374394 0.380008 1.29504 2.94975 1.10795 0.245527 0.117878 2.68789 0.926604 
===============================================
Previous Time: 8.54525
Coordinate: 1,1
Records: 
0.221269 0.24964 0.317835 0.418412 0.817493 4.06645 1.66083 0.275571 0.068668 1.17807 0.406599 0.923946 0.23769 0.925435 0.264748 0.49364 0.975199 
===============================================
Previous Time: 9.91756
Coordinate: 1,2
Records: 
1.0468 0.92089 1.03406 0.142412 0.225118 0.225939 0.160243 0.0232901 2.45563 0.217857 2.25184 1.49933 2.79603 1.52261 0.259089 0.110423 0.928477 0.904305 0.233671 0.682667 0.21522 0.0606982 
===============================================
Previous Time: 9.91756
Coordinate: 1,3
Records: 
0.424477 0.658929 0.749126 0.218831 0.173073 0.175175 0.232763 4.04433 0.136646 2.53013 0.939291 1.37504 0.626759 6.80015 0.554983 0.0160273 0.932598 0.267817 0.577673 0.945105 0.558489 
===============================================
Previous Time: 6.54163
Coordinate: 2,0
Records: 
1.13418 0.0100441 1.3996 0.0452565 0.0157066 0.92918 0.876384 0.30931 0.0352347 4.10989 0.551271 
===============================================
Previous Time: 8.89389
Coordinate: 2,1
Records: 
0.374657 0.399535 0.635591 0.445114 0.824538 0.599864 0.209678 0.16408 0.686462 0.875637 0.13239 3.69848 0.9837 0.646364 0.0917373 0.0224459 0.303001 2.98145 
===============================================
Previous Time: 9.83844
Coordinate: 2,2
Records: 
0.477246 1.19002 0.272007 0.211895 2.48384 3.07717 0.888311 1.1036 5.09508 0.0223935 0.20259 0.0776622 2.75166 0.885096 0.185701 0.19239 
===============================================
Previous Time: 9.83844
Coordinate: 2,3
Records: 
1.11556 0.499726 0.0178501 0.0557069 0.263049 0.635661 1.87094 0.578013 1.54988 0.288753 0.839694 0.0756188 0.177358 2.42982 0.965857 1.27974 6.70445 0.122044 0.287359 0.0192656 2.39185 1.14593 0.114841 
===============================================
Previous Time: 9.40711
Coordinate: 3,0
Records: 
0.402403 1.99456 0.179816 0.493516 0.0925845 0.297621 0.154536 0.0770394 0.220785 0.554417 3.72218 
===============================================
Previous Time: 9.78772
Coordinate: 3,1
Records: 
0.341495 0.193169 4.19385 0.371489 0.202617 0.0162617 1.05747 0.086136 0.0144693 1.85072 0.502378 0.228875 0.460798 0.451001 0.174727 0.199497 0.21108 0.212501 0.895709 0.964117 
===============================================
Previous Time: 9.78772
Coordinate: 3,2
Records: 
0.755758 0.0306404 0.71821 0.871617 3.08092 0.0213003 0.756297 0.324222 0.319281 0.885168 0.175259 0.402445 0.76976 
===============================================
Previous Time: 9.27053
Coordinate: 3,3
Records: 
1.11556 0.0240069 0.218224 1.34339 3.88349 0.17444 1.42745 3.50625 0.406383 0.0883375 0.0606684 0.886923 0.497392 1.2319 0.450625 
===============================================

Profile Array: (Size: 4*4)
===============================================
5.92394 8.74419 11.9383 17.2912 
10.085 13.5015 17.9166 22.9374 
9.41606 14.0747 19.1167 23.429 
8.18945 12.6283 9.11087 15.315 
